32
0	1103	1625	1679	1614	1152	1068	1606	1172	1081	1897	1610	1823	1579	1209	1124	1543	1604	1194	1044	1420	1508	1975	1613	2020	1284	1983	1390	1659	1063	1881	1243	
1103	0	1246	1496	1703	1370	1443	1935	1682	1129	1769	1096	1271	1817	2002	1335	1562	2016	1085	1894	1342	1382	1100	1505	1441	1789	1407	2047	1072	1083	1162	1299	
1625	1246	0	1434	1838	1650	1165	1267	1280	1830	1964	1931	1043	1898	1389	1599	1303	1783	1652	1962	1510	1378	1169	1754	1987	1058	1251	1690	1575	1300	1233	1384	
1679	1496	1434	0	1373	1469	1354	1493	1918	1977	1117	1681	1530	1949	1873	1237	1114	1800	1537	1841	1617	1502	1349	1814	1026	1244	1970	1916	1753	1250	1200	2010	
1614	1703	1838	1373	0	1141	1312	1174	1903	1688	1086	1971	1393	1145	1122	1616	1757	1861	2043	1533	1907	1024	1489	1104	1080	1806	1381	1756	1774	1621	1279	1966	
1152	1370	1650	1469	1141	0	1768	1121	2007	1557	1175	2041	1218	1856	1835	1458	1855	1116	1248	1995	1456	1822	1202	2024	1512	1583	1206	1901	1457	1056	1567	2032	
1068	1443	1165	1354	1312	1768	0	1529	1095	1180	1402	1306	1513	1439	1391	1213	1888	1772	1601	1212	1634	1828	1311	1082	1655	1612	1459	1227	1913	1405	1917	1993	
1606	1935	1267	1493	1174	1121	1529	0	1281	1963	1173	1900	1272	1946	1350	1454	1424	1176	1957	1961	1752	1544	1178	1491	1316	1362	1730	1276	1997	1643	1541	1978	
1172	1682	1280	1918	1903	2007	1095	1281	0	1746	1820	1348	1157	1292	1189	1071	2022	1816	1762	1396	1304	1721	1813	1717	1485	1522	1365	1960	1595	1546	1782	1159	
1081	1129	1830	1977	1688	1557	1180	1963	1746	0	1428	1088	1241	1751	1383	1119	1093	1647	1192	1337	2013	1223	1147	1696	1409	1411	1480	1181	1803	1915	1582	1860	
1897	1769	1964	1117	1086	1175	1402	1173	1820	1428	0	1588	1951	1867	1140	1755	1444	1197	1465	1055	1436	1808	1078	1695	1059	1638	1623	1347	1199	1676	1548	1938	
1610	1096	1931	1681	1971	2041	1306	1900	1348	1088	1588	0	1221	1645	1720	1196	1392	1926	1744	1150	1540	1305	1414	1445	1788	1837	1844	1357	1566	1723	1886	1657	
1823	1271	1043	1530	1393	1218	1513	1272	1157	1241	1951	1221	0	1506	1611	1953	1954	1776	1238	1166	1500	1326	1666	1351	1126	1372	1431	1134	1793	1866	1858	1371	
1579	1817	1898	1949	1145	1856	1439	1946	1292	1751	1867	1645	1506	0	1419	1693	1412	1649	1295	1151	1120	1633	1113	1758	1261	1989	2027	1877	1848	1239	1994	1051	
1209	2002	1389	1873	1122	1835	1391	1350	1189	1383	1140	1720	1611	1419	0	2048	2015	2012	1153	1896	1686	1394	1440	1211	1519	1137	1950	1940	1996	1360	1204	1899	
1124	1335	1599	1237	1616	1458	1213	1454	1071	1119	1755	1196	1953	1693	2048	0	1118	1408	1700	1798	1472	1358	1054	1049	1346	1705	1713	1190	1936	1550	1545	1787	
1543	1562	1303	1114	1757	1855	1888	1424	2022	1093	1444	1392	1954	1412	2015	1118	0	1967	1821	1668	2011	1236	1400	1042	1620	1301	1812	1158	1912	1765	1973	1750	
1604	2016	1783	1800	1861	1116	1772	1176	1816	1647	1197	1926	1776	1649	2012	1408	1967	0	1450	1631	2005	1256	1255	1516	1203	1875	1766	1471	1602	1275	1478	1919	
1194	1085	1652	1537	2043	1248	1601	1957	1762	1192	1465	1744	1238	1295	1153	1700	1821	1450	0	1939	1722	1297	1187	1133	1890	1667	1736	1353	1698	1041	1556	1509	
1044	1894	1962	1841	1533	1995	1212	1961	1396	1337	1055	1150	1166	1151	1896	1798	1668	1631	1939	0	1658	1849	1930	1739	1421	2031	1740	1684	1872	1832	1170	1232	
1420	1342	1510	1617	1907	1456	1634	1752	1304	2013	1436	1540	1500	1120	1686	1472	2011	2005	1722	1658	0	1263	1193	1398	1671	1455	1288	1442	1662	1536	1029	1580	
1508	1382	1378	1502	1024	1822	1828	1544	1721	1223	1808	1305	1326	1633	1394	1358	1236	1256	1297	1849	1263	0	1106	1155	1524	1876	1786	1632	1286	2039	1401	1266	
1975	1100	1169	1349	1489	1202	1311	1178	1813	1147	1078	1414	1666	1113	1440	1054	1400	1255	1187	1930	1193	1106	0	1144	2026	1262	1034	1249	1473	1714	1945	1205	
1613	1505	1754	1814	1104	2024	1082	1491	1717	1696	1695	1445	1351	1758	1211	1049	1042	1516	1133	1739	1398	1155	1144	0	1797	1839	1819	1868	1314	2029	2030	1207	
2020	1441	1987	1026	1080	1512	1655	1316	1485	1409	1059	1788	1126	1261	1519	1346	1620	1203	1890	1421	1671	1524	2026	1797	0	1694	1359	1644	1607	1518	1123	1363	
1284	1789	1058	1244	1806	1583	1612	1362	1522	1411	1638	1837	1372	1989	1137	1705	1301	1875	1667	2031	1455	1876	1262	1839	1694	0	1702	2021	1032	1925	1418	2044	
1983	1407	1251	1970	1381	1206	1459	1730	1365	1480	1623	1844	1431	2027	1950	1713	1812	1766	1736	1740	1288	1786	1034	1819	1359	1702	0	1229	1475	1138	1320	1277	
1390	2047	1690	1916	1756	1901	1227	1276	1960	1181	1347	1357	1134	1877	1940	1190	1158	1471	1353	1684	1442	1632	1249	1868	1644	2021	1229	0	1307	1452	1882	2018	
1659	1072	1575	1753	1774	1457	1913	1997	1595	1803	1199	1566	1793	1848	1996	1936	1912	1602	1698	1872	1662	1286	1473	1314	1607	1032	1475	1307	0	1488	1156	1183	
1063	1083	1300	1250	1621	1056	1405	1643	1546	1915	1676	1723	1866	1239	1360	1550	1765	1275	1041	1832	1536	2039	1714	2029	1518	1925	1138	1452	1488	0	1064	1109	
1881	1162	1233	1200	1279	1567	1917	1541	1782	1582	1548	1886	1858	1994	1204	1545	1973	1478	1556	1170	1029	1401	1945	2030	1123	1418	1320	1882	1156	1064	0	1991	
1243	1299	1384	2010	1966	2032	1993	1978	1159	1860	1938	1657	1371	1051	1899	1787	1750	1919	1509	1232	1580	1266	1205	1207	1363	2044	1277	2018	1183	1109	1991	0	
